1
3
5
6
8
10
11
12
13
14
17
18
19
21
22
25
26
28
30
31
33
34
35
38
40
42
45
46
48
49
51
52
53
54
57
58
60
63
64
66
67
68
69
70
71
72
75
77
79
83
84
86
87
88
91
92
93
94
95
96
97
98
99
101
103
107
108
109
110
111
113
115
116
117
120
121
122
123
124
126
132
133
134
135
136
139
140
141
142
143
146
147
148
149
150
152
153
155
157
158
160
161
162
163
164
166
169
172
173
174
177
178
179
181
182
184
185
186
187
189
193
194
195
196
198
200
201
204
206
207
208
212
214
215
221
222
223
228
230
231
232
234
235
236
237
238
240
241
242
243
246
248
249
253
254
258
260
261
262
266
267
268
269
271
272
273
274
275
276
281
282
283
285
286
288
289
290
291
292
294
295
296
298
302
303
306
307
309
310
312
314
315
317
318
321
325
326
329
331
335
336
337
342
345
348
349
351
352
353
354
355
359
360
361
362
364
366
367
372
374
375
376
377
378
379
380
381
383
384
385
386
387
389
390
391
392
393
395
396
397
398
399
403
404
406
407
410
411
412
414
415
416
417
419
420
421
423
425
426
429
430
431
432
433
434
436
437
439
440
441
443
444
446
447
448
449
450
452
453
454
455
457
459
460
461
462
463
464
465
466
467
468
469
471
473
474
477
478
479
480
481
482
484
485
488
489
490
491
493
494
495
496
497
500
501
507
510
511
512
513
514
515
517
518
520
521
522
523
525
526
527
528
530
532
533
534
535
536
537
538
540
541
542
543
547
548
550
551
552
555
557
558
559
561
564
565
568
569
570
572
574
575
576
577
578
580
584
585
586
589
590
591
592
593
595
596
598
601
602
603
604
606
607
608
610
611
613
614
616
617
618
619
623
624
626
627
629
632
633
634
638
640
641
644
646
647
648
650
651
653
654
655
657
659
661
663
665
666
667
669
670
671
672
673
674
676
679
682
684
685
686
689
690
691
694
698
701
702
703
704
705
706
707
708
709
711
713
714
717
718
719
720
721
723
727
729
730
732
733
734
736
737
738
745
746
747
751
752
753
754
755
757
758
762
763
766
767
770
772
775
776
778
780
782
783
784
786
787
788
789
790
792
798
799
801
802
807
809
810
811
812
813
814
815
817
818
819
820
821
822
824
825
826
827
829
831
832
833
834
837
838
839
840
843
846
847
848
850
851
853
854
855
856
857
858
860
862
864
866
867
868
869
870
871
873
874
875
878
879
881
883
884
886
888
889
890
893
895
899
900
901
902
903
905
906
907
908
910
911
912
913
914
915
919
920
921
922
923
926
927
928
929
932
934
935
937
939
942
944
946
947
948
949
950
951
953
955
956
957
961
962
963
964
965
966
969
970
971
975
976
977
978
980
981
983
984
988
989
990
991
993
994
999
1000
